UCS
100 100
0 0
50
5
10 10
20 20
50 50
70 70
99 99
77 16 44 47 19 4 15 3 93 50 2 21 10 73 45 5 16 22 63 27 26 6 47 64 90 54 83 32 48 97 46 57 76 17 31 24 15 42 60 51 61 48 29 71 29 12 49 63 6 42 99 18 93 62 3 87 28 22 17 59 66 8 83 49 42 9 14 30 14 38 2 90 91 26 38 20 35 13 56 61 44 91 83 49 60 94 35 31 47 63 50 66 52 16 40 67 56 60 46 77
98 6 21 33 88 88 29 38 99 44 29 80 37 61 1 70 39 13 27 82 55 94 84 46 48 24 26 52 41 94 27 53 61 93 49 68 55 42 2 39 55 42 84 48 49 4 18 10 54 52 9 66 23 92 65 41 45 16 32 7 51 87 41 75 45 80 63 6 17 15 29 74 86 82 14 57 33 88 98 10 25 69 23 43 83 35 66 73 42 37 10 18 90 71 72 62 92 85 58 0
58 25 81 55 3 4 62 34 85 49 80 17 77 67 72 31 32 36 91 80 85 54 97 95 95 5 87 70 64 20 86 2 64 26 84 62 80 57 52 23 28 47 9 43 36 87 88 32 74 39 28 12 77 92 4 94 57 59 51 7 23 4 76 87 14 76 52 52 16 81 24 90 27 17 33 60 39 55 64 94 32 76 36 92 74 94 91 8 81 3 24 41 28 33 54 88 90 65 53 95
15 39 15 69 13 29 0 8 38 67 87 75 63 75 16 80 75 93 34 81 91 83 82 36 38 44 71 25 64 27 37 45 92 63 92 88 91 45 98 43 5 10 33 37 22 75 28 93 82 19 74 57 38 21 48 57 51 96 60 89 45 16 90 61 41 53 12 53 16 26 82 14 45 32 79 48 38 58 32 37 50 79 26 39 54 78 92 70 26 89 55 45 37 41 81 15 81 54 41 86
45 92 81 56 8 54 60 69 38 27 35 62 15 42 98 80 20 83 16 89 47 64 59 24 83 86 58 19 64 14 81 39 13 83 75 17 95 11 8 80 31 89 10 90 17 22 43 3 36 6 81 57 82 68 36 92 56 95 93 58 14 31 51 1 33 19 16 65 30 55 67 65 41 13 13 95 84 71 51 37 21 88 26 6 22 14 82 47 31 71 33 22 31 0 4 40 68 12 24 20
26 31 10 67 7 32 28 8 72 32 41 30 52 28 93 36 69 13 18 45 16 4 43 81 63 10 74 80 75 82 70 66 97 7 72 7 21 44 59 98 73 1 74 37 36 36 32 52 2 30 91 71 65 9 59 6 6 67 3 20 30 17 83 32 85 85 77 41 84 42 5 55 19 19 36 83 26 3 8 12 49 84 25 21 31 89 81 37 8 27 95 85 16 36 99 56 28 68 57 44
64 34 76 41 2 17 29 4 53 80 48 58 70 59 57 27 21 74 21 94 25 64 32 15 93 21 69 92 84 97 85 17 52 24 37 82 38 75 32 99 78 81 90 41 69 12 30 8 29 62 54 45 10 41 12 93 90 10 87 7 7 10 16 7 36 7 55 40 20 98 38 74 92 28 56 69 2 90 40 9 87 50 21 7 45 51 6 60 67 85 59 45 75 62 38 43 65 13 69 78
82 26 25 50 80 31 47 82 65 50 4 57 20 74 10 98 99 92 95 11 7 28 78 2 62 2 36 49 79 17 14 93 73 49 36 46 9 24 11 16 82 79 56 61 87 14 29 44 80 48 57 88 19 52 24 63 30 93 65 61 37 34 7 47 1 22 87 40 56 8 60 64 74 29 14 85 25 30 33 12 41 18 86 48 34 61 88 98 2 20 21 82 56 62 4 21 51 78 75 96
73 67 85 17 71 93 70 9 62 14 40 66 68 30 2 82 9 83 0 13 1 82 45 33 3 39 17 72 49 19 59 36 27 45 64 2 10 90 98 0 61 58 16 98 86 88 67 4 59 82 6 87 81 95 55 37 79 86 29 91 60 0 7 6 42 30 7 69 83 16 88 51 58 90 37 9 88 98 11 43 65 90 51 76 21 64 25 75 91 43 1 26 9 2 59 42 75 13 54 94
54 72 99 61 46 93 33 97 12 1 1 14 50 78 38 72 9 20 91 39 36 70 17 25 94 8 56 50 14 48 15 43 44 78 36 27 97 29 86 84 43 3 13 22 43 88 61 48 32 68 75 72 21 51 45 64 25 79 85 12 22 33 44 65 63 61 2 41 70 84 86 29 6 43 72 67 91 95 78 66 28 11 43 79 79 6 21 4 48 26 35 56 24 6 78 37 36 73 13 90
33 47 23 64 15 86 25 65 23 2 14 0 20 45 78 80 37 7 44 43 13 33 24 31 67 97 93 82 16 46 97 67 8 95 93 93 68 11 92 27 67 10 89 85 20 43 5 67 40 9 67 47 50 65 90 61 23 3 77 44 77 13 2 36 8 94 2 68 19 78 86 62 98 51 34 37 16 44 2 99 32 90 30 59 9 97 8 70 78 69 37 83 61 14 93 44 28 85 12 42
78 88 78 69 16 62 35 72 40 81 19 84 40 24 25 91 4 14 91 45 57 81 47 87 98 32 1 56 21 32 40 69 72 69 24 21 86 29 66 22 0 33 28 24 16 49 43 75 65 31 5 91 79 32 97 52 90 15 59 32 74 38 14 15 28 51 32 30 8 53 88 68 0 44 55 13 26 11 33 52 99 48 52 64 62 46 84 59 43 4 53 51 9 81 74 99 84 84 51 99
57 1 48 52 80 19 94 83 55 79 11 92 9 62 8 15 94 6 87 38 95 26 53 30 98 20 71 37 59 72 88 21 9 31 44 64 92 14 64 0 57 17 97 13 25 12 91 13 16 70 59 87 73 77 3 45 6 26 22 85 0 18 59 96 66 30 78 19 32 15 93 18 68 13 3 6 78 43 83 57 63 73 85 53 88 18 45 99 28 77 59 72 9 34 12 3 33 45 99 41
81 16 38 21 15 7 36 27 4 46 35 32 16 58 59 36 38 68 57 25 29 75 34 32 13 45 88 51 49 34 51 50 89 85 94 35 43 35 81 40 42 18 3 78 71 19 77 53 66 16 22 7 61 25 18 91 40 26 90 20 43 87 90 47 9 17 81 77 75 89 58 77 38 45 0 91 59 6 17 14 7 65 60 40 31 52 61 28 34 30 54 25 82 85 99 6 53 80 68 18
4 0 39 43 67 58 61 38 36 40 5 25 11 52 84 21 11 18 85 63 7 36 41 99 63 21 51 17 65 15 38 16 73 78 31 96 9 62 70 20 31 97 82 89 21 3 33 66 46 20 95 8 71 4 42 22 57 57 2 35 82 9 75 64 59 61 72 30 76 43 20 20 56 5 72 38 33 9 23 50 84 58 74 96 6 51 81 69 62 6 68 72 62 70 51 66 17 7 84 8
56 89 6 23 70 92 27 68 95 43 71 62 24 11 0 29 40 8 90 81 22 84 68 0 7 95 31 57 36 70 35 66 61 83 72 61 22 78 30 51 42 36 40 90 91 1 35 45 17 84 14 26 94 46 24 11 31 23 70 30 80 99 95 24 43 85 42 33 31 39 30 47 84 13 10 29 56 15 88 11 9 90 32 39 65 38 58 14 91 35 56 32 56 82 50 39 42 68 97 52
2 22 99 49 16 20 13 96 0 88 63 31 28 62 72 73 4 43 19 91 72 94 65 41 68 11 82 1 70 35 28 2 74 97 81 68 78 68 2 38 22 86 71 37 30 73 99 95 87 20 82 28 96 21 18 27 49 82 25 48 95 10 51 43 16 39 39 68 50 78 27 12 35 67 26 81 15 14 32 23 41 15 89 48 77 79 66 34 11 31 11 23 70 54 98 74 99 15 15 77
36 17 99 2 54 56 6 72 71 34 75 90 19 2 14 3 89 72 14 23 97 54 50 14 81 87 54 19 0 42 43 51 49 58 63 12 36 53 52 64 22 36 64 7 88 82 14 82 58 69 68 82 96 46 0 77 69 63 34 4 14 40 0 70 3 36 5 45 0 26 83 83 61 88 92 52 4 43 61 27 43 37 30 15 83 93 82 96 14 41 99 83 14 81 17 67 43 51 68 2
95 31 37 56 78 51 2 50 53 53 98 20 31 85 75 33 71 17 68 64 37 34 67 12 48 65 60 24 69 32 96 82 65 40 88 83 98 96 42 0 56 68 95 95 28 0 4 32 95 47 18 19 48 96 12 93 67 88 79 75 25 62 58 38 89 89 97 8 50 8 49 12 24 84 6 78 41 10 39 70 72 68 51 47 16 18 53 20 35 6 23 19 63 90 33 30 47 6 68 84
80 78 62 15 58 97 0 12 78 56 2 81 57 2 56 71 82 97 91 33 49 71 88 68 20 59 65 5 84 42 53 81 77 19 69 76 89 51 20 93 50 45 81 86 51 34 37 83 84 84 68 78 57 83 13 87 46 89 58 9 8 99 63 53 26 37 70 69 91 53 36 54 7 94 66 44 69 0 94 52 11 48 43 85 50 89 72 22 58 9 69 15 50 39 67 35 13 15 82 71
8 25 6 5 44 30 95 56 12 79 3 12 72 20 41 86 5 19 43 63 61 46 93 62 87 55 57 99 32 50 12 13 65 17 3 80 1 49 59 46 95 97 67 45 69 8 43 51 53 71 47 8 21 9 62 44 90 72 97 49 25 20 68 44 5 18 87 70 62 16 63 93 75 25 71 41 92 81 78 89 91 2 67 11 64 97 57 49 36 52 82 9 82 29 35 48 77 13 81 31
15 54 93 22 40 10 63 94 52 26 97 3 22 12 5 19 28 42 13 19 80 44 2 28 65 92 43 93 81 44 83 71 52 64 11 1 93 34 27 23 36 36 37 23 91 53 47 1 98 17 30 44 15 68 87 48 8 17 6 74 8 32 27 14 81 17 93 17 6 47 42 1 22 10 29 6 41 33 62 11 75 33 4 85 20 11 26 47 38 1 40 71 70 29 70 45 86 41 17 35
20 11 41 74 32 80 53 88 29 60 50 6 98 75 0 85 52 51 18 20 94 83 59 34 0 43 23 70 35 57 97 83 47 32 28 72 20 71 65 68 54 26 74 91 34 38 21 97 94 83 33 91 54 60 53 97 74 45 40 27 96 44 84 52 26 71 23 49 53 58 41 11 89 23 12 53 85 26 67 8 15 90 69 52 1 7 42 0 99 49 15 43 1 3 59 83 2 52 54 47
47 82 42 36 89 2 10 44 13 8 11 80 11 70 11 64 27 24 0 77 48 9 33 54 14 17 16 92 34 19 68 9 65 50 71 64 87 21 25 0 4 8 43 31 97 21 91 81 92 24 29 38 40 63 82 16 43 47 65 86 75 68 66 67 37 43 81 47 31 74 81 98 93 24 98 41 29 24 36 9 83 90 36 43 16 81 70 30 73 59 37 38 96 74 76 18 58 19 18 29
0 27 81 56 44 34 89 48 48 68 47 55 98 98 5 62 19 53 40 6 22 72 57 36 86 31 10 76 72 61 56 21 58 10 54 20 56 74 26 2 70 63 40 43 52 85 45 9 22 41 61 98 27 63 72 87 24 89 75 23 55 78 71 52 54 40 20 44 31 83 0 87 62 66 15 45 5 95 3 28 4 26 1 73 16 38 34 64 83 18 53 69 39 97 1 97 44 93 59 58
44 57 91 84 76 72 12 50 1 74 79 69 22 60 76 43 86 37 47 87 78 4 26 36 32 11 64 33 51 41 11 81 99 5 99 93 65 39 22 28 96 77 49 22 36 55 93 48 71 27 40 3 70 24 91 67 50 14 47 60 20 60 3 62 24 50 1 22 93 66 43 93 34 89 22 83 21 2 58 37 93 88 52 69 27 71 63 39 1 53 50 53 62 93 21 27 51 44 12 6
27 49 97 16 15 48 85 61 5 99 89 60 78 49 95 56 84 75 8 90 89 1 58 90 6 86 75 2 4 32 48 70 52 7 84 29 15 98 6 12 73 77 27 55 48 5 5 70 13 1 72 42 54 5 70 92 79 22 65 85 95 74 30 58 39 34 50 72 90 69 42 72 85 87 15 40 53 25 67 92 55 88 44 1 52 54 98 14 38 88 81 58 36 68 89 41 37 0 85 45
40 64 48 64 0 63 27 57 63 68 44 89 86 10 59 49 11 26 87 74 6 90 57 28 83 29 61 84 33 46 3 60 10 96 80 61 34 71 1 22 48 14 65 91 61 18 35 13 20 8 31 88 32 38 14 24 60 14 87 42 32 32 77 10 34 99 86 59 76 28 38 25 90 64 24 79 93 80 2 13 1 78 89 66 7 97 88 24 31 25 13 0 46 66 78 82 81 1 43 17
46 90 2 27 47 9 87 60 9 87 13 58 75 12 74 78 88 95 75 17 64 29 73 82 62 88 17 68 95 37 54 52 11 34 64 69 73 61 69 88 33 96 0 14 86 38 47 53 87 96 46 28 27 71 79 35 8 98 65 64 81 95 15 55 88 41 33 34 3 5 95 64 7 8 63 11 91 25 57 98 19 44 66 52 24 2 9 81 21 72 11 74 73 8 43 15 8 86 62 45
0 9 55 63 28 73 41 32 4 73 44 98 64 7 63 1 76 7 41 29 37 30 31 54 28 23 8 0 68 72 72 41 58 64 87 7 87 88 92 85 39 12 70 28 87 49 29 79 81 85 26 10 87 43 40 13 35 0 29 54 83 59 98 79 60 82 91 77 5 13 30 66 78 32 5 2 72 53 76 62 80 36 21 42 43 93 64 94 76 8 95 56 50 18 63 12 18 55 89 84
89 80 23 91 38 81 40 34 62 69 19 91 46 1 61 74 30 14 45 13 9 2 28 94 36 63 22 57 88 0 11 53 33 73 29 29 40 82 51 88 66 59 35 36 13 51 78 25 60 95 8 90 0 31 11 98 94 88 80 60 26 49 12 48 65 60 94 50 42 35 95 94 75 81 72 75 14 99 72 24 88 12 24 81 95 34 4 30 48 59 81 31 43 65 41 72 82 32 23 80
46 85 7 30 86 57 98 83 78 32 19 15 71 66 23 2 8 32 23 91 5 62 80 21 73 28 64 38 36 47 8 70 75 51 27 4 46 28 96 96 43 38 48 13 60 55 7 46 73 79 81 44 37 42 14 90 27 34 15 10 42 39 69 52 92 6 75 25 44 62 59 18 95 98 30 71 52 3 61 3 21 34 5 94 41 99 32 11 9 61 82 7 68 18 13 46 19 45 72 37
79 71 67 30 92 20 50 37 58 28 21 75 31 78 36 21 69 29 68 30 39 94 19 78 51 54 42 68 50 16 29 36 20 55 16 18 48 34 54 94 39 49 39 33 97 10 68 96 84 76 86 77 58 35 68 87 7 40 90 11 43 28 6 53 54 50 46 16 73 90 0 67 71 46 90 29 10 87 39 92 39 27 36 94 12 59 28 89 43 76 61 26 49 77 0 33 18 31 36 63
89 64 4 40 96 62 43 35 81 79 80 61 77 8 92 79 10 7 48 93 36 66 93 57 20 53 53 47 51 60 95 71 59 55 36 12 41 51 22 64 4 97 16 26 62 86 15 35 56 66 70 67 97 6 12 48 55 14 48 29 78 3 31 24 62 3 14 68 96 63 27 38 70 6 17 32 24 16 29 15 66 56 88 98 71 96 71 3 16 88 90 36 15 2 76 62 20 49 37 72
57 91 38 55 27 77 62 11 32 95 77 73 56 50 53 87 57 96 46 98 58 82 81 87 73 79 6 70 88 60 25 79 13 39 90 58 79 19 44 2 45 16 61 23 7 71 66 82 56 45 81 5 41 44 92 20 48 27 40 42 9 36 99 86 56 60 36 83 42 55 32 46 29 61 23 79 1 12 42 14 67 41 20 93 85 58 99 24 38 47 63 44 97 58 62 73 49 12 8 22
28 29 99 35 52 19 88 87 3 68 21 72 83 70 26 1 54 14 62 2 12 5 99 7 59 45 30 55 85 87 86 20 96 90 33 16 55 30 8 62 50 28 59 68 55 2 36 5 68 33 30 55 40 62 75 83 3 14 48 33 31 63 69 31 32 29 12 74 37 98 70 68 16 47 53 57 48 27 58 25 3 37 46 31 42 49 41 52 1 96 15 10 27 59 82 97 84 35 82 57
27 43 59 22 78 73 98 80 1 74 43 45 23 33 51 14 37 72 59 71 17 92 3 55 63 31 97 61 78 43 46 84 13 8 68 26 33 51 86 72 11 15 29 94 96 10 99 83 66 14 70 2 43 65 68 24 52 26 50 23 3 69 32 44 22 27 22 22 95 76 85 46 94 86 14 82 94 31 8 30 16 22 22 43 23 95 75 93 61 9 57 7 23 34 45 77 30 75 72 29
90 88 52 30 73 59 79 99 65 21 5 81 56 90 14 93 5 31 87 37 7 9 81 61 90 5 95 46 50 79 12 7 92 60 30 96 65 38 4 68 9 2 55 62 89 4 71 52 89 0 84 21 21 76 47 53 0 95 5 40 94 40 36 0 83 20 32 75 61 34 4 9 71 37 37 66 16 22 26 28 71 70 70 0 85 79 63 80 53 83 96 30 89 83 26 4 85 18 60 24
33 29 16 66 57 48 51 12 49 38 24 54 59 74 14 12 79 6 37 97 50 25 46 33 4 82 74 55 16 49 4 38 26 65 17 35 24 11 93 21 50 89 60 36 53 24 51 86 4 33 40 16 85 50 34 93 58 66 26 18 47 86 83 38 64 24 88 9 4 30 72 29 78 47 1 48 33 39 29 13 55 28 29 85 39 37 56 86 47 87 64 24 93 39 14 28 58 80 4 18
90 10 79 35 39 96 66 53 72 23 49 99 93 55 17 80 69 91 36 47 93 93 73 5 76 84 15 68 25 42 23 52 96 31 34 40 1 16 4 35 0 4 50 1 46 69 81 21 29 27 35 21 17 35 81 1 27 87 0 61 56 82 99 14 63 27 81 92 29 22 35 50 42 19 4 50 57 60 44 57 64 26 68 63 46 95 36 44 50 27 57 75 32 20 54 4 20 0 29 50
63 32 34 86 74 8 39 39 31 78 32 79 63 42 76 42 26 0 13 10 21 49 92 8 17 36 64 3 57 90 13 3 30 88 58 43 25 1 24 60 67 37 50 91 92 18 49 38 73 45 54 28 11 27 47 46 30 14 99 9 12 40 25 78 43 36 8 26 13 33 2 52 41 55 98 25 53 75 61 62 44 63 33 73 94 49 57 18 87 10 93 52 55 58 14 45 33 34 53 2
39 89 97 56 67 13 96 45 44 44 88 72 74 3 62 76 61 93 75 83 1 76 7 42 44 85 83 34 21 15 32 23 36 63 54 12 6 87 40 59 7 70 44 69 0 91 75 39 88 78 63 34 71 79 73 49 65 44 76 41 30 64 60 21 94 23 44 88 37 29 37 20 40 75 79 96 46 68 38 37 59 53 39 11 42 49 31 28 68 56 17 91 65 99 8 52 99 80 91 83
85 7 16 22 33 82 60 43 87 62 44 43 78 76 71 41 58 56 0 0 64 40 67 88 57 41 73 68 73 98 19 61 17 17 53 47 65 32 11 31 95 57 97 79 97 63 49 45 30 69 98 11 24 69 93 80 19 18 75 54 50 38 29 32 78 63 31 54 35 52 21 35 92 81 13 3 88 17 59 11 3 13 75 70 54 65 71 62 46 57 69 21 41 15 88 78 59 57 28 19
1 31 89 44 31 26 64 18 71 78 60 30 76 26 63 86 53 7 74 87 63 20 37 76 33 49 52 55 62 42 22 70 54 4 23 62 66 31 97 4 38 43 89 63 85 33 92 66 49 16 53 62 33 18 25 93 48 89 50 85 7 32 66 64 90 11 55 28 85 14 93 85 82 31 44 74 28 34 56 62 81 62 76 21 33 22 90 12 56 66 37 9 47 17 64 7 80 45 50 59
95 1 44 21 33 90 15 54 62 68 57 54 51 93 71 53 39 66 59 47 67 81 41 50 42 54 39 97 90 73 63 31 33 58 21 28 84 13 97 16 38 29 97 6 66 32 51 41 58 28 70 59 80 57 6 66 3 51 1 17 27 71 63 51 38 27 22 27 27 55 19 0 49 52 52 11 10 67 3 27 2 1 21 45 83 86 77 82 74 52 72 23 59 12 48 12 3 53 5 9
51 41 40 93 38 72 32 76 51 31 71 48 41 69 1 88 3 1 89 62 44 61 65 87 58 60 28 82 11 32 87 45 54 26 44 36 51 95 31 24 29 87 44 15 36 40 18 84 30 78 46 33 17 14 35 70 96 90 86 48 11 84 48 69 13 71 3 68 96 7 18 53 32 11 68 33 29 50 72 69 35 47 8 32 64 51 28 62 41 98 75 63 23 1 95 25 1 38 50 79
66 65 9 10 96 24 10 86 40 87 26 71 26 26 60 91 66 56 82 97 89 96 41 14 94 75 73 7 44 14 96 30 56 81 83 0 93 9 59 50 80 7 61 75 51 35 97 37 62 96 62 38 4 37 14 15 64 98 94 72 11 77 33 52 95 59 30 45 63 47 9 32 22 85 89 47 30 25 31 51 77 37 76 25 38 85 94 72 18 89 14 29 15 47 21 99 19 3 40 59
98 81 58 33 89 23 86 33 83 16 27 68 94 13 3 10 11 11 3 53 80 2 21 53 2 0 53 76 15 17 82 60 2 96 65 32 42 64 56 16 46 25 48 49 78 50 13 5 27 75 23 51 93 51 70 84 66 49 16 43 11 25 68 30 43 75 71 46 88 27 98 40 67 67 38 50 28 62 40 42 91 5 49 6 85 65 99 46 34 34 75 67 21 47 93 88 18 78 10 19
4 53 5 53 66 39 70 99 85 18 5 26 65 98 46 42 5 77 66 51 33 33 96 65 90 66 99 14 33 50 93 26 54 22 17 3 95 76 50 71 68 30 47 88 34 10 0 66 45 69 23 20 89 52 65 48 16 32 20 41 73 30 0 68 85 18 61 15 86 50 84 43 70 6 88 20 46 32 85 39 8 18 84 95 36 59 65 97 43 91 29 99 54 14 60 61 25 65 47 71
40 82 68 14 35 78 10 34 14 8 69 88 35 44 91 66 80 5 17 36 86 89 61 82 17 19 68 40 95 39 85 65 39 43 32 25 66 94 82 78 8 75 34 50 21 63 5 84 48 90 87 56 50 36 82 37 80 25 40 2 30 20 28 56 84 34 54 4 11 41 32 44 41 0 98 65 91 22 90 45 60 27 29 67 58 21 86 20 52 42 17 95 72 28 72 12 23 38 81 74
51 65 20 33 10 95 88 85 4 63 58 13 91 87 23 10 75 80 86 47 62 49 5 18 94 3 88 90 69 59 30 73 58 44 17 40 9 25 64 49 85 21 20 49 87 35 87 4 0 25 58 66 80 3 54 56 34 28 66 8 8 90 72 78 79 48 28 69 28 89 99 18 78 63 90 47 83 22 79 23 2 40 73 74 12 34 36 85 84 25 20 12 49 50 63 28 27 39 73 60
41 4 16 59 14 15 54 69 71 8 30 48 17 64 44 5 88 81 97 48 91 4 83 65 5 64 75 57 97 82 96 5 6 53 71 17 21 39 36 78 75 70 13 30 96 7 28 21 26 49 79 62 32 50 99 6 18 3 80 37 98 85 60 60 93 41 49 72 40 8 78 34 19 67 2 66 59 44 26 13 32 89 97 46 70 31 99 74 82 87 67 70 93 92 67 42 20 62 45 27
26 54 18 81 55 88 7 12 59 38 97 65 80 86 84 66 18 71 84 74 35 25 59 82 23 63 71 57 33 35 27 99 60 73 85 3 39 36 96 83 96 66 64 13 85 55 62 75 55 42 94 51 63 16 49 94 35 18 76 75 62 26 19 72 6 37 91 8 11 72 55 8 29 97 90 85 86 13 69 4 66 96 25 34 24 9 95 13 38 41 0 3 18 63 22 66 67 98 36 37
23 78 82 23 58 25 84 74 1 18 5 43 86 97 29 29 76 59 51 20 7 20 50 1 73 34 3 12 84 52 63 13 71 77 8 99 5 23 46 43 65 53 88 89 0 81 25 10 29 54 65 75 83 46 1 53 98 12 70 50 96 46 30 52 27 42 18 81 87 43 35 75 94 39 44 18 72 59 98 28 13 63 39 5 66 85 30 72 47 36 23 22 80 98 23 62 83 91 86 1
66 17 57 84 15 74 32 41 13 9 32 83 91 77 35 39 86 67 84 60 71 43 83 46 15 94 39 67 27 80 62 46 38 85 94 90 70 2 72 23 71 93 91 24 14 25 72 88 42 1 13 15 2 28 45 30 66 16 21 4 36 32 93 21 30 62 23 99 74 82 5 79 43 93 14 89 20 6 34 6 56 3 47 24 8 44 21 76 92 50 3 51 16 59 8 41 11 74 31 32
83 10 90 50 73 51 23 40 52 81 2 23 41 93 15 67 8 34 52 62 30 53 91 90 4 90 66 84 41 92 92 42 61 87 11 48 84 24 40 88 98 1 55 63 44 79 93 56 32 58 93 72 55 69 90 28 45 8 15 72 90 27 64 52 36 24 97 76 4 56 53 49 82 62 53 7 53 25 9 24 71 81 48 55 8 46 43 21 1 9 7 57 57 40 40 30 4 69 55 80
22 63 20 51 83 41 33 55 17 31 42 9 73 30 49 23 44 56 68 49 41 98 23 92 36 96 32 60 21 11 89 5 90 73 64 78 11 57 34 7 88 1 82 89 42 58 57 88 72 15 59 44 54 59 54 49 55 33 36 78 15 81 3 54 27 45 12 98 89 66 28 30 85 46 75 59 70 8 47 77 96 51 89 27 74 26 56 80 51 32 83 57 46 72 42 53 26 93 41 92
21 81 55 57 61 48 41 3 30 56 3 7 91 71 26 28 67 17 45 64 60 9 46 63 86 31 49 83 14 12 98 11 3 82 92 20 55 9 62 17 96 99 30 10 5 49 38 89 3 16 66 22 57 48 69 18 39 19 76 63 76 97 81 30 11 27 70 98 44 99 0 73 81 12 91 85 35 31 84 85 88 90 10 77 6 40 32 57 97 51 67 86 99 38 48 96 93 34 5 68
31 36 40 35 93 8 74 5 9 23 81 80 4 63 10 23 20 3 58 60 12 59 7 32 64 13 92 2 41 99 53 13 33 37 58 16 20 66 95 29 70 3 53 62 33 64 16 61 51 32 21 47 85 20 91 12 59 23 85 69 59 33 79 86 46 34 10 87 70 66 71 47 7 12 56 40 9 32 62 58 18 58 15 54 34 65 0 83 43 0 83 2 8 40 18 83 25 63 55 24
52 33 25 56 35 74 50 45 38 96 71 32 14 51 29 2 68 54 44 37 88 68 69 99 10 57 74 7 30 64 95 59 8 94 13 31 19 69 34 80 7 67 76 64 34 69 62 97 16 32 33 69 15 35 37 86 62 99 84 60 2 13 40 76 27 42 44 30 2 21 33 23 4 97 55 5 51 73 64 17 0 51 98 4 48 29 85 14 84 3 63 19 77 73 7 47 34 60 9 78
37 78 87 89 40 59 66 60 96 59 65 21 61 13 36 30 78 66 69 11 0 76 55 87 98 50 35 77 27 69 56 6 47 31 56 74 17 36 1 25 42 75 62 1 24 1 70 10 45 61 3 69 63 6 80 82 81 34 34 25 60 8 25 11 61 66 31 39 98 85 94 64 0 65 59 78 87 56 72 65 66 28 89 29 19 14 71 45 47 3 42 99 87 5 41 57 22 29 33 46
83 61 91 32 67 53 79 54 80 64 62 99 97 13 0 33 13 71 67 47 76 55 80 67 74 93 39 60 19 18 6 5 36 8 27 93 23 63 92 27 41 21 52 15 25 22 68 55 78 18 4 53 23 91 71 93 23 31 23 27 96 67 66 67 13 23 19 69 83 51 92 19 52 9 31 94 55 85 33 26 64 26 39 95 9 87 77 45 48 47 54 55 23 85 61 8 86 81 53 50
71 92 52 0 87 79 46 11 26 55 34 42 69 31 87 44 21 79 28 12 27 38 42 87 15 88 82 52 82 23 7 33 20 92 71 41 4 4 10 12 75 52 37 75 87 14 0 37 88 19 53 20 18 27 21 0 34 44 90 99 7 24 57 9 62 17 19 51 14 62 22 79 13 92 68 14 20 22 38 78 65 35 72 35 8 35 79 74 65 97 89 98 45 60 53 47 32 84 2 44
84 89 94 56 69 51 31 93 98 24 46 66 45 95 65 16 12 5 38 56 19 27 7 31 22 8 13 63 14 57 21 5 36 95 70 12 46 73 20 22 31 83 63 2 75 6 63 19 24 50 4 7 48 78 43 4 15 47 60 92 21 40 32 67 49 35 82 71 69 17 33 0 6 68 53 38 0 54 87 40 99 49 93 83 1 2 3 76 84 98 87 91 37 93 18 89 30 54 35 13
74 37 24 7 2 41 5 41 32 49 65 60 44 58 91 59 82 50 69 95 13 96 60 99 57 44 25 59 41 98 4 9 32 7 46 19 37 25 98 4 54 57 81 25 97 30 84 36 6 80 89 5 98 22 5 82 50 65 67 41 21 79 58 28 3 73 46 68 50 45 12 19 34 36 3 1 57 4 79 94 98 74 61 23 59 55 33 14 43 48 77 91 86 8 27 53 32 9 47 87
72 4 27 5 21 3 10 31 48 36 40 4 57 13 87 95 17 87 85 23 53 45 94 74 20 65 69 9 83 4 28 7 49 39 28 39 87 58 91 31 50 63 64 19 52 57 25 47 54 11 88 59 87 63 44 89 43 79 60 60 51 87 46 23 36 52 2 41 55 41 66 57 47 1 70 67 71 98 97 30 63 62 66 8 18 19 37 63 55 93 86 42 16 28 1 77 89 74 29 74
78 56 27 22 3 85 38 47 68 4 3 32 49 4 63 66 58 38 86 50 28 39 33 14 87 16 52 52 4 98 89 35 55 3 21 20 98 35 4 8 74 27 5 29 26 86 24 86 33 86 79 25 78 46 0 76 20 70 61 93 80 63 83 19 90 94 85 85 40 71 1 18 19 95 41 97 39 67 36 28 78 76 20 13 49 13 23 86 78 48 54 62 31 90 86 72 5 36 83 96
61 42 16 8 7 20 80 77 53 64 83 52 15 12 76 44 17 17 15 66 90 41 4 57 36 18 18 11 61 27 87 45 97 12 33 31 31 97 42 32 26 52 97 49 52 70 40 56 42 73 23 69 23 92 71 96 27 3 88 99 73 25 17 20 84 20 49 18 39 60 67 73 12 0 91 76 34 50 16 63 20 46 11 86 6 83 26 5 64 70 7 10 66 88 72 21 90 26 75 7
54 83 6 22 25 99 80 16 41 16 44 75 75 51 32 62 38 28 43 35 3 10 75 29 67 90 73 96 35 46 51 87 32 92 92 90 11 29 21 58 4 76 64 39 67 60 96 1 72 85 40 90 56 39 53 31 50 88 88 30 24 73 17 41 87 65 53 46 53 35 60 86 12 69 71 19 85 58 42 78 56 24 66 67 32 14 71 26 55 30 85 82 51 71 78 63 84 91 89 96
94 64 55 96 80 77 50 12 43 32 63 98 81 14 40 60 69 87 7 59 35 72 99 28 77 71 25 78 73 30 0 70 60 73 21 23 29 70 13 88 82 78 16 5 99 27 64 39 16 88 45 21 97 10 31 76 35 1 14 38 74 26 77 94 78 5 75 0 62 69 95 81 31 41 94 34 43 51 52 27 37 40 83 10 82 95 33 2 79 34 46 2 2 7 45 78 99 80 15 10
92 83 30 94 20 13 1 82 13 6 33 64 72 40 95 35 98 61 45 14 94 41 44 70 66 9 64 57 73 59 71 90 34 62 20 55 10 12 7 45 72 47 71 6 70 38 84 59 80 63 79 81 85 66 44 84 26 27 30 32 79 5 11 68 49 55 78 88 82 41 66 94 4 64 97 81 25 26 87 63 61 4 58 38 18 98 86 74 92 39 2 5 49 87 97 47 40 38 36 97
18 1 89 66 86 91 81 62 98 22 59 39 64 70 7 52 63 16 51 45 87 60 1 78 54 28 79 89 0 71 49 42 12 46 0 77 58 50 33 99 18 81 44 18 9 31 38 74 22 33 10 44 81 13 59 57 76 36 12 71 32 53 43 0 70 4 0 66 75 31 74 78 91 12 94 85 42 20 83 1 57 56 71 76 58 47 84 92 58 44 13 76 49 34 80 2 90 57 84 18
98 11 35 30 78 17 73 8 68 85 94 18 62 58 86 81 55 2 56 86 24 11 4 14 95 40 41 12 10 24 48 45 18 71 46 75 84 20 90 11 82 94 70 45 39 10 52 35 8 27 74 95 22 54 39 57 69 53 65 94 76 34 96 54 72 73 81 53 7 35 84 29 69 27 56 39 50 8 72 97 48 96 7 47 64 88 66 7 51 39 54 84 99 1 13 38 31 18 89 5
13 89 52 78 24 84 20 63 97 97 19 83 51 34 99 87 22 73 15 54 86 48 90 98 22 97 62 92 48 6 70 81 69 79 28 32 44 1 1 93 51 8 99 47 18 88 86 54 56 6 88 78 18 10 62 65 75 60 91 45 62 4 51 99 74 3 62 97 32 49 45 85 23 97 70 63 85 92 19 35 26 42 64 9 78 54 66 92 85 33 53 29 70 42 98 38 98 85 94 97
66 6 46 55 59 17 71 31 91 1 92 40 77 14 8 53 91 52 1 78 95 5 2 60 56 11 21 26 27 96 10 74 34 22 33 8 70 68 35 53 85 2 67 20 83 1 94 34 16 12 45 41 7 94 41 53 79 74 37 59 27 60 28 66 9 95 62 50 80 88 33 91 50 5 32 44 13 75 84 78 62 42 24 1 56 96 51 13 79 57 58 73 81 70 47 81 51 27 4 11
57 27 45 21 51 0 33 66 15 45 65 71 44 45 75 68 18 50 74 31 89 78 83 45 64 53 60 36 67 27 89 6 88 17 99 81 55 56 32 64 33 47 14 77 47 11 78 99 1 80 17 84 9 10 37 85 78 45 17 35 57 23 39 43 7 1 63 21 79 30 67 8 4 15 82 1 54 66 40 63 77 79 68 88 42 97 0 79 90 63 80 30 50 39 67 26 13 83 86 97
6 4 23 8 62 59 85 31 14 84 74 43 82 26 87 79 36 39 76 6 0 99 16 92 90 3 64 63 34 80 40 95 37 15 47 35 4 19 23 39 82 95 44 35 60 17 51 24 53 88 9 10 12 31 6 58 56 67 88 59 42 35 23 29 39 87 82 73 99 18 73 8 43 64 62 67 35 37 19 52 26 8 46 99 74 89 81 96 29 99 9 57 1 45 9 7 57 59 3 47
45 60 26 71 61 24 20 3 71 29 72 14 93 39 96 50 86 25 77 13 56 42 48 85 23 41 9 2 11 73 7 27 88 62 6 28 75 97 13 47 64 66 4 11 94 0 15 25 60 26 14 46 38 54 17 90 72 91 19 30 44 0 62 67 82 31 85 62 41 64 42 56 6 63 33 99 60 25 19 22 8 0 97 62 42 97 67 75 93 52 44 7 72 39 64 6 13 32 52 6
0 89 11 57 49 45 46 21 44 85 48 16 34 4 77 26 65 16 20 69 60 35 6 92 32 32 44 68 15 8 6 31 20 99 60 82 93 59 20 14 78 55 13 87 46 73 10 58 34 80 74 5 6 85 68 74 80 73 47 21 34 15 48 6 32 88 33 55 2 81 58 34 72 72 63 43 84 64 12 6 6 35 30 4 51 17 99 37 75 79 89 21 16 82 88 75 33 95 41 96
17 76 0 4 53 68 54 25 56 96 56 69 0 38 99 77 31 59 61 68 38 90 54 36 63 32 12 50 70 31 97 17 40 7 18 57 27 51 14 15 38 97 25 32 37 61 35 96 67 20 25 52 28 46 69 43 74 73 47 70 11 73 65 47 52 78 33 73 94 33 94 19 50 56 39 98 97 56 84 9 69 96 11 44 94 47 60 1 64 54 58 92 94 54 69 4 30 50 32 67
35 22 71 59 28 24 27 44 99 86 71 40 22 9 23 1 7 21 41 62 47 35 75 27 48 12 4 78 60 31 55 28 94 30 49 29 29 81 88 50 99 57 52 93 15 37 38 67 0 40 29 94 18 75 68 64 4 56 91 68 83 23 14 56 42 49 28 17 35 36 42 72 50 68 42 9 14 24 91 34 4 44 95 97 85 42 37 59 32 82 98 42 32 69 2 54 27 31 12 93
31 9 57 81 28 30 83 3 97 73 35 93 84 0 53 35 47 88 96 23 4 38 69 41 21 46 86 7 62 87 8 74 41 39 34 1 88 77 61 10 54 36 68 32 19 38 69 1 98 74 55 17 41 68 35 47 20 8 62 79 51 47 17 73 34 70 24 18 63 3 73 24 22 26 64 57 86 56 48 9 45 96 57 65 90 92 62 14 99 71 75 33 41 93 35 97 88 70 67 54
16 69 51 33 74 22 51 50 93 55 26 61 12 85 31 34 88 1 28 52 68 49 48 34 77 86 70 86 29 77 48 6 72 83 74 95 41 60 87 84 3 8 15 48 79 61 3 46 31 65 2 67 93 41 85 14 30 78 33 88 63 24 30 33 94 93 55 71 42 97 62 90 68 33 98 66 18 88 11 30 54 38 8 74 48 60 98 76 61 25 93 23 4 41 1 96 63 63 83 50
7 88 71 53 53 67 48 28 49 35 47 81 21 74 9 1 99 20 76 9 29 11 62 87 30 91 61 63 82 45 19 11 38 62 30 5 58 54 85 84 32 26 77 85 5 63 66 21 72 1 38 36 83 96 32 57 87 83 3 9 44 95 54 46 25 10 96 37 98 53 49 32 15 88 59 82 86 42 35 60 2 89 4 83 82 24 95 16 81 8 98 83 64 44 30 71 51 53 44 66
69 90 23 3 38 25 84 18 95 7 0 64 13 39 63 19 67 35 74 83 6 66 74 13 87 54 61 82 92 90 46 32 25 12 80 68 81 58 9 35 21 42 5 28 88 48 82 83 98 52 78 88 9 66 84 42 12 15 9 64 23 77 3 30 43 38 60 86 72 26 24 81 15 27 53 4 73 34 5 65 46 29 71 11 5 95 91 47 20 49 94 87 54 63 77 25 46 30 71 58
40 13 47 69 6 2 77 24 99 41 92 90 63 12 73 42 24 94 79 23 43 98 82 65 72 83 86 25 15 78 97 85 27 76 9 75 13 31 97 16 98 4 4 85 42 7 99 14 37 22 72 80 68 11 87 29 29 58 94 57 61 32 97 80 38 18 23 91 77 29 25 89 14 23 20 24 47 20 11 24 47 44 51 24 4 36 58 43 69 15 47 10 29 90 36 21 69 36 88 56
77 46 0 81 67 63 0 40 13 56 47 55 44 58 11 19 62 25 39 19 0 10 91 0 74 77 46 78 53 29 76 95 70 96 64 46 29 67 93 16 88 39 52 35 67 87 68 39 2 30 10 13 26 16 1 26 62 89 59 22 28 90 55 84 23 69 75 75 64 59 73 54 10 29 49 20 32 17 22 77 61 47 26 98 99 64 54 9 85 18 43 46 15 82 46 22 13 23 53 56
68 8 39 47 16 22 56 98 91 36 2 72 71 91 80 89 47 54 28 77 20 59 41 32 75 77 60 46 60 99 28 58 69 65 16 70 96 49 55 5 28 48 15 66 35 48 40 69 22 67 69 21 34 82 74 89 78 8 33 31 39 45 54 59 83 23 2 36 74 48 27 90 35 62 98 0 18 21 98 4 4 47 5 62 44 78 94 18 34 38 25 87 90 81 33 97 38 13 48 89
29 38 28 28 64 57 57 34 63 29 74 6 5 37 62 76 66 2 92 46 5 3 25 47 66 87 7 14 94 48 22 56 58 70 57 11 7 38 10 51 71 93 51 45 5 21 86 30 71 16 74 57 97 60 80 10 59 95 52 80 23 67 0 46 57 38 55 43 84 8 72 40 93 26 42 6 0 92 72 45 92 74 26 31 16 65 51 6 72 32 10 50 5 30 83 99 64 88 86 52
7 84 40 52 98 54 23 98 87 57 41 40 64 29 97 24 12 48 20 24 89 28 39 4 77 46 30 74 18 17 58 26 88 21 32 60 6 94 38 84 84 32 19 76 35 61 43 65 4 36 17 71 12 77 28 83 81 26 9 64 61 17 39 54 91 87 50 72 80 26 46 56 72 18 72 81 7 95 11 92 11 54 97 29 86 5 81 33 94 54 13 17 73 84 76 74 60 55 26 92
4 50 29 46 3 6 4 3 81 72 95 7 43 72 33 3 58 42 94 56 84 79 89 56 55 94 99 20 56 24 26 51 55 97 73 38 30 33 81 17 8 75 37 5 27 14 7 20 5 17 22 43 4 89 81 50 27 95 66 43 53 75 84 33 61 77 34 44 7 58 97 4 25 51 2 98 2 10 37 58 94 83 82 70 72 43 2 35 88 59 61 75 64 99 11 68 17 89 34 81
60 37 51 79 59 84 77 46 6 55 75 22 34 26 42 9 74 93 98 30 78 97 42 89 21 60 64 58 71 92 7 52 27 19 72 43 56 73 72 29 62 98 47 79 40 71 50 92 64 19 11 0 75 91 51 47 13 91 54 40 32 15 99 68 73 39 98 32 76 12 25 40 34 65 39 6 38 85 2 35 80 38 69 89 72 79 65 35 46 47 5 77 84 71 76 75 23 38 59 2
36 11 69 58 54 0 94 67 52 6 85 27 60 30 74 64 35 75 44 39 77 73 9 74 22 42 10 5 59 83 70 96 83 80 48 98 86 61 73 45 59 61 36 7 34 53 92 54 24 21 60 69 43 16 34 83 19 97 99 4 51 43 60 98 98 57 93 90 58 3 10 53 90 5 55 39 88 18 6 51 6 90 49 4 10 36 61 83 90 56 53 77 42 89 28 86 17 35 18 86
26 95 51 63 42 64 82 99 84 30 41 78 2 70 62 5 52 98 97 95 32 7 49 5 71 41 74 46 15 6 37 84 14 91 88 38 39 80 96 7 92 31 55 56 31 25 12 82 63 25 55 19 36 6 35 91 56 92 18 59 92 78 79 53 26 43 43 11 8 18 58 99 18 29 94 20 18 75 71 93 73 50 49 66 7 73 79 99 44 65 37 36 53 19 80 6 46 30 86 94
94 75 40 16 57 75 6 24 67 28 86 44 92 40 85 5 16 47 20 13 94 60 82 26 86 36 99 26 94 28 44 46 0 9 46 45 33 57 85 9 84 83 75 57 42 35 95 8 92 14 23 17 72 42 25 33 34 71 73 1 94 61 78 76 10 1 12 81 21 7 73 18 40 98 88 15 82 48 61 2 23 52 80 84 13 55 46 80 26 67 54 55 70 3 6 80 90 63 5 26
59 2 21 1 93 3 78 42 79 11 61 80 72 51 11 60 61 17 70 24 5 31 18 84 18 15 62 97 17 2 46 80 26 10 30 79 79 16 52 43 7 66 22 66 67 89 63 39 83 71 12 81 92 52 69 88 75 83 89 28 46 96 35 93 70 86 94 7 79 19 40 60 89 91 17 83 13 3 26 40 89 50 80 2 18 3 62 76 11 86 52 21 90 76 52 34 59 70 79 31
53 53 72 39 33 42 16 80 46 1 14 83 86 32 75 0 36 26 66 43 31 9 62 87 8 53 4 72 69 23 32 92 88 79 89 18 46 70 17 17 37 63 44 48 94 0 40 79 45 22 57 25 11 11 55 63 90 93 5 34 12 20 50 97 61 35 63 23 10 99 99 97 39 57 15 95 41 99 27 90 58 51 87 98 96 5 39 69 92 30 93 68 24 89 32 64 11 90 38 46
60 42 47 61 23 19 81 25 71 68 53 38 67 69 87 74 0 21 35 0 55 13 93 82 69 47 58 90 62 67 41 97 44 70 40 92 1 12 40 33 20 84 64 54 55 68 63 53 97 62 98 33 34 94 0 52 91 21 84 50 72 80 61 89 38 55 34 8 55 2 45 62 28 46 58 36 66 87 97 40 41 1 76 95 26 26 76 90 82 4 59 57 86 80 2 7 70 98 37 82
90 88 60 2 51 46 55 86 61 92 10 37 41 29 97 7 15 26 7 25 58 3 42 19 99 18 92 69 24 19 30 53 9 85 8 41 9 29 65 28 88 81 85 18 98 15 58 93 56 81 14 20 31 47 97 87 32 28 78 41 88 44 52 51 33 42 31 45 3 78 74 19 78 88 80 38 30 61 62 53 86 74 4 39 57 87 52 70 24 0 78 54 90 68 47 17 21 55 91 55
87 98 77 91 67 15 21 93 59 82 98 66 8 61 95 26 24 27 28 80 69 56 54 21 70 28 55 94 27 33 73 72 78 68 2 84 96 3 29 47 92 95 84 45 66 61 41 37 73 56 16 93 35 94 51 80 96 42 53 8 47 42 53 35 40 53 62 17 13 17 16 1 12 35 62 77 45 88 87 40 86 93 93 40 35 31 24 24 20 41 80 20 74 71 78 92 14 71 80 91